#                                                                                         --- full sequence --- -------------- this domain -------------   hmm coord   ali coord   env coord
# target name                     accession   tlen query name           accession   qlen   E-value  score  bias   #  of  c-Evalue  i-Evalue  score  bias  from    to  from    to  from    to  acc description of target
#             ------------------- ---------- ----- -------------------- ---------- ----- --------- ------ ----- --- --- --------- --------- ------ ----- ----- ----- ----- ----- ----- ----- ---- ---------------------
TRINITY_DN1110_c1_g5_i1:714-1943  -            410 48821at7898          -            406   5.9e-06   25.0   0.1   1   2   2.1e-08   4.1e-05   22.2   0.1   212   300    63   155    44   174 0.82 -
TRINITY_DN1110_c1_g5_i1:714-1943  -            410 48821at7898          -            406   5.9e-06   25.0   0.1   2   2     0.093   1.8e+02    0.3   0.0   302   323   181   202   177   233 0.81 -
TRINITY_DN31695_c0_g1_i1:448-1200 -            251 48821at7898          -            406   0.00013   20.6   0.4   1   2     0.048        95    1.3   0.1   288   314    30    56    15    60 0.81 -
TRINITY_DN31695_c0_g1_i1:448-1200 -            251 48821at7898          -            406   0.00013   20.6   0.4   2   2   5.7e-07    0.0011   17.5   0.0   204   256   120   172   108   226 0.79 -
TRINITY_DN31695_c0_g1_i2:623-1375 -            251 48821at7898          -            406   0.00013   20.6   0.4   1   2     0.048        95    1.3   0.1   288   314    30    56    15    60 0.81 -
TRINITY_DN31695_c0_g1_i2:623-1375 -            251 48821at7898          -            406   0.00013   20.6   0.4   2   2   5.7e-07    0.0011   17.5   0.0   204   256   120   172   108   226 0.79 -
TRINITY_DN25384_c0_g1_i3:455-1006 -            184 48821at7898          -            406     0.015   13.8   0.0   1   1   1.1e-05     0.022   13.3   0.0   212   247    61    96    44   117 0.89 -
TRINITY_DN25384_c0_g1_i5:528-2735 -            736 48821at7898          -            406     0.071   11.6   0.0   1   1   9.1e-05      0.18   10.3   0.0   212   247   313   348   300   360 0.89 -
TRINITY_DN25384_c0_g1_i2:520-2727 -            736 48821at7898          -            406     0.071   11.6   0.0   1   1   9.1e-05      0.18   10.3   0.0   212   247   313   348   300   360 0.89 -
TRINITY_DN25384_c0_g1_i4:520-2727 -            736 48821at7898          -            406     0.071   11.6   0.0   1   1   9.1e-05      0.18   10.3   0.0   212   247   313   348   300   360 0.89 -
#
# Program:         hmmsearch
# Version:         3.1b2 (February 2015)
# Pipeline mode:   SEARCH
# Query file:      /home/ericjuo/Projects/salmo_trutta_rna_seq/busco_downloads/lineages/actinopterygii_odb10/hmms/48821at7898.hmm
# Target file:     /home/ericjuo/Projects/salmo_trutta_rna_seq/data/02_intermediate/busco/run_actinopterygii_odb10/metaeuk_output/initial_results/trinity.Trinity.fasta.modified.fas
# Option settings: hmmsearch --domtblout /home/ericjuo/Projects/salmo_trutta_rna_seq/data/02_intermediate/busco/run_actinopterygii_odb10/hmmer_output/initial_run_results/48821at7898.out --cpu 1 /home/ericjuo/Projects/salmo_trutta_rna_seq/busco_downloads/lineages/actinopterygii_odb10/hmms/48821at7898.hmm /home/ericjuo/Projects/salmo_trutta_rna_seq/data/02_intermediate/busco/run_actinopterygii_odb10/metaeuk_output/initial_results/trinity.Trinity.fasta.modified.fas 
# Current dir:     /home/ericjuo/Projects/salmo_trutta_rna_seq
# Date:            Fri Apr 29 12:53:42 2022
# [ok]
