#                                                                                         --- full sequence --- -------------- this domain -------------   hmm coord   ali coord   env coord
# target name                     accession   tlen query name           accession   qlen   E-value  score  bias   #  of  c-Evalue  i-Evalue  score  bias  from    to  from    to  from    to  acc description of target
#             ------------------- ---------- ----- -------------------- ---------- ----- --------- ------ ----- --- --- --------- --------- ------ ----- ----- ----- ----- ----- ----- ----- ---- ---------------------
TRINITY_DN11230_c0_g1_i1:62-1350  -            392 69062at7898          -            342    3e-206  683.8  13.3   1   1  6.9e-209  2.4e-205  680.8  13.3     1   342     1   386     1   386 0.93 -
TRINITY_DN13608_c0_g1_i4:903-1766 -            288 69062at7898          -            342       7.3    5.1  12.6   1   3     0.015        51    2.4   2.6   281   342    56   126    29   126 0.79 -
TRINITY_DN13608_c0_g1_i4:903-1766 -            288 69062at7898          -            342       7.3    5.1  12.6   2   3      0.22   7.5e+02   -1.5   0.1   281   320   146   187   134   196 0.62 -
TRINITY_DN13608_c0_g1_i4:903-1766 -            288 69062at7898          -            342       7.3    5.1  12.6   3   3   0.00022      0.76    8.4   1.4   279   316   199   239   167   248 0.83 -
TRINITY_DN13608_c0_g1_i5:903-1766 -            288 69062at7898          -            342       7.3    5.1  12.6   1   3     0.015        51    2.4   2.6   281   342    56   126    29   126 0.79 -
TRINITY_DN13608_c0_g1_i5:903-1766 -            288 69062at7898          -            342       7.3    5.1  12.6   2   3      0.22   7.5e+02   -1.5   0.1   281   320   146   187   134   196 0.62 -
TRINITY_DN13608_c0_g1_i5:903-1766 -            288 69062at7898          -            342       7.3    5.1  12.6   3   3   0.00022      0.76    8.4   1.4   279   316   199   239   167   248 0.83 -
TRINITY_DN13608_c0_g1_i7:903-1766 -            288 69062at7898          -            342       7.3    5.1  12.6   1   3     0.015        51    2.4   2.6   281   342    56   126    29   126 0.79 -
TRINITY_DN13608_c0_g1_i7:903-1766 -            288 69062at7898          -            342       7.3    5.1  12.6   2   3      0.22   7.5e+02   -1.5   0.1   281   320   146   187   134   196 0.62 -
TRINITY_DN13608_c0_g1_i7:903-1766 -            288 69062at7898          -            342       7.3    5.1  12.6   3   3   0.00022      0.76    8.4   1.4   279   316   199   239   167   248 0.83 -
#
# Program:         hmmsearch
# Version:         3.1b2 (February 2015)
# Pipeline mode:   SEARCH
# Query file:      /home/ericjuo/Projects/salmo_trutta_rna_seq/busco_downloads/lineages/actinopterygii_odb10/hmms/69062at7898.hmm
# Target file:     /home/ericjuo/Projects/salmo_trutta_rna_seq/data/02_intermediate/busco/run_actinopterygii_odb10/metaeuk_output/initial_results/trinity.Trinity.fasta.modified.fas
# Option settings: hmmsearch --domtblout /home/ericjuo/Projects/salmo_trutta_rna_seq/data/02_intermediate/busco/run_actinopterygii_odb10/hmmer_output/initial_run_results/69062at7898.out --cpu 1 /home/ericjuo/Projects/salmo_trutta_rna_seq/busco_downloads/lineages/actinopterygii_odb10/hmms/69062at7898.hmm /home/ericjuo/Projects/salmo_trutta_rna_seq/data/02_intermediate/busco/run_actinopterygii_odb10/metaeuk_output/initial_results/trinity.Trinity.fasta.modified.fas 
# Current dir:     /home/ericjuo/Projects/salmo_trutta_rna_seq
# Date:            Fri Apr 29 12:54:01 2022
# [ok]
