#                                                                                        --- full sequence --- -------------- this domain -------------   hmm coord   ali coord   env coord
# target name                    accession   tlen query name           accession   qlen   E-value  score  bias   #  of  c-Evalue  i-Evalue  score  bias  from    to  from    to  from    to  acc description of target
#            ------------------- ---------- ----- -------------------- ---------- ----- --------- ------ ----- --- --- --------- --------- ------ ----- ----- ----- ----- ----- ----- ----- ---- ---------------------
TRINITY_DN7754_c0_g1_i2:3-1916   -            638 37190at7898          -            625  3.9e-129  430.6 112.9   1   6   1.4e-17   3.6e-14   50.8  12.4   292   347     2    65     1    70 0.79 -
TRINITY_DN7754_c0_g1_i2:3-1916   -            638 37190at7898          -            625  3.9e-129  430.6 112.9   2   6   9.8e-47   2.6e-43  147.1   0.2   332   404   134   206   108   215 0.93 -
TRINITY_DN7754_c0_g1_i2:3-1916   -            638 37190at7898          -            625  3.9e-129  430.6 112.9   3   6     7e-22   1.8e-18   65.0   0.4   402   456   238   290   234   305 0.87 -
TRINITY_DN7754_c0_g1_i2:3-1916   -            638 37190at7898          -            625  3.9e-129  430.6 112.9   4   6   1.8e-33   4.7e-30  103.3  16.9   442   590   306   456   292   460 0.68 -
TRINITY_DN7754_c0_g1_i2:3-1916   -            638 37190at7898          -            625  3.9e-129  430.6 112.9   5   6     6e-08   0.00016   19.0  30.7   506   566   459   528   453   539 0.72 -
TRINITY_DN7754_c0_g1_i2:3-1916   -            638 37190at7898          -            625  3.9e-129  430.6 112.9   6   6   7.9e-24   2.1e-20   71.4  18.5   535   625   540   638   528   638 0.66 -
TRINITY_DN9914_c0_g3_i2:143-1237 -            365 37190at7898          -            625   0.00014   19.1   4.5   1   2   5.5e-08   0.00014   19.1   4.5    29   146    65   190    42   216 0.68 -
TRINITY_DN9914_c0_g3_i2:143-1237 -            365 37190at7898          -            625   0.00014   19.1   4.5   2   2     0.011        28    1.6   9.1   524   586   249   313   230   325 0.76 -
TRINITY_DN9914_c0_g3_i1:143-1237 -            365 37190at7898          -            625   0.00015   19.0   4.2   1   2   5.6e-08   0.00015   19.0   4.2    29   147    65   191    42   217 0.70 -
TRINITY_DN9914_c0_g3_i1:143-1237 -            365 37190at7898          -            625   0.00015   19.0   4.2   2   2     0.011        28    1.6   9.1   524   586   249   313   230   325 0.76 -
#
# Program:         hmmsearch
# Version:         3.1b2 (February 2015)
# Pipeline mode:   SEARCH
# Query file:      /home/ericjuo/Projects/salmo_trutta_rna_seq/busco_downloads/lineages/actinopterygii_odb10/hmms/37190at7898.hmm
# Target file:     /home/ericjuo/Projects/salmo_trutta_rna_seq/data/02_intermediate/busco/run_actinopterygii_odb10/metaeuk_output/rerun_results/trinity.Trinity.fasta.modified.fas
# Option settings: hmmsearch --domtblout /home/ericjuo/Projects/salmo_trutta_rna_seq/data/02_intermediate/busco/run_actinopterygii_odb10/hmmer_output/rerun_results/37190at7898.out --cpu 1 /home/ericjuo/Projects/salmo_trutta_rna_seq/busco_downloads/lineages/actinopterygii_odb10/hmms/37190at7898.hmm /home/ericjuo/Projects/salmo_trutta_rna_seq/data/02_intermediate/busco/run_actinopterygii_odb10/metaeuk_output/rerun_results/trinity.Trinity.fasta.modified.fas 
# Current dir:     /home/ericjuo/Projects/salmo_trutta_rna_seq
# Date:            Fri Apr 29 13:04:39 2022
# [ok]
