#                                                                                        --- full sequence --- -------------- this domain -------------   hmm coord   ali coord   env coord
# target name                    accession   tlen query name           accession   qlen   E-value  score  bias   #  of  c-Evalue  i-Evalue  score  bias  from    to  from    to  from    to  acc description of target
#            ------------------- ---------- ----- -------------------- ---------- ----- --------- ------ ----- --- --- --------- --------- ------ ----- ----- ----- ----- ----- ----- ----- ---- ---------------------
TRINITY_DN32456_c0_g3_i1:116-952 -            279 65517at7898          -            410   8.4e-87  290.9   1.8   1   2   1.8e-85   4.7e-82  275.2   1.2     6   191     2   198     1   204 0.94 -
TRINITY_DN32456_c0_g3_i1:116-952 -            279 65517at7898          -            410   8.4e-87  290.9   1.8   2   2   2.8e-06    0.0074   14.4   0.0   196   226   244   278   235   279 0.86 -
TRINITY_DN9328_c0_g1_i2:140-1813 -            558 65517at7898          -            410   1.1e-06   27.0  23.9   1   4   1.2e-08   3.2e-05   22.2   0.4   348   406    20    76     3    80 0.85 -
TRINITY_DN9328_c0_g1_i2:140-1813 -            558 65517at7898          -            410   1.1e-06   27.0  23.9   2   4   1.1e-05      0.03   12.4   0.9   357   401    81   123    76   126 0.84 -
TRINITY_DN9328_c0_g1_i2:140-1813 -            558 65517at7898          -            410   1.1e-06   27.0  23.9   3   4   0.00032      0.85    7.6   1.9   352   406   128   180   116   182 0.86 -
TRINITY_DN9328_c0_g1_i2:140-1813 -            558 65517at7898          -            410   1.1e-06   27.0  23.9   4   4      0.24   6.3e+02   -1.9   2.6   288   322   327   355   284   423 0.57 -
TRINITY_DN9328_c0_g1_i1:136-1809 -            558 65517at7898          -            410   3.3e-06   25.4  24.0   1   4   3.4e-08     9e-05   20.7   0.4   347   406    19    76     2    80 0.84 -
TRINITY_DN9328_c0_g1_i1:136-1809 -            558 65517at7898          -            410   3.3e-06   25.4  24.0   2   4   1.1e-05     0.029   12.4   1.0   357   401    81   123    73   126 0.84 -
TRINITY_DN9328_c0_g1_i1:136-1809 -            558 65517at7898          -            410   3.3e-06   25.4  24.0   3   4   0.00025      0.65    8.0   1.1   352   406   128   180   123   182 0.87 -
TRINITY_DN9328_c0_g1_i1:136-1809 -            558 65517at7898          -            410   3.3e-06   25.4  24.0   4   4      0.24   6.3e+02   -1.9   2.6   288   322   327   355   284   423 0.57 -
#
# Program:         hmmsearch
# Version:         3.1b2 (February 2015)
# Pipeline mode:   SEARCH
# Query file:      /home/ericjuo/Projects/salmo_trutta_rna_seq/busco_downloads/lineages/actinopterygii_odb10/hmms/65517at7898.hmm
# Target file:     /home/ericjuo/Projects/salmo_trutta_rna_seq/data/02_intermediate/busco/run_actinopterygii_odb10/metaeuk_output/rerun_results/trinity.Trinity.fasta.modified.fas
# Option settings: hmmsearch --domtblout /home/ericjuo/Projects/salmo_trutta_rna_seq/data/02_intermediate/busco/run_actinopterygii_odb10/hmmer_output/rerun_results/65517at7898.out --cpu 1 /home/ericjuo/Projects/salmo_trutta_rna_seq/busco_downloads/lineages/actinopterygii_odb10/hmms/65517at7898.hmm /home/ericjuo/Projects/salmo_trutta_rna_seq/data/02_intermediate/busco/run_actinopterygii_odb10/metaeuk_output/rerun_results/trinity.Trinity.fasta.modified.fas 
# Current dir:     /home/ericjuo/Projects/salmo_trutta_rna_seq
# Date:            Fri Apr 29 13:04:35 2022
# [ok]
